172
397
914
215
216
217
350
497
887
411
774
739
812
87
974
411
885
63
713
293
40
863
450
581
39
612
14
7
691
807
888
663
987
210
482
719
266
530
324
290
463
100
177
997
802
220
176
956
895
263
107
529
654
409
949
512
118
969
171
764
715
194
580
447
516
235
407
116
461
122
929
877
978
12
469
845
707
894
306
411
389
298
406
308
821
869
164
655
882
358
296
797
69
868
420
810
84
651
344
969
939
664
307
515
10
500
255
605
799
674
764
938
18
555
660
913
553
499
542
867
698
644
375
832
800
232
121
634
277
803
294
150
567
13
362
513
967
493
316
439
914
434
369
828
65
711
55
586
924
123
922
361
465
979
517
7
530
954
632
567
450
401
206
916
214
489
312
351
980
299
838
135
966
57
818
603
473
108
281
968
269
539
327
200
859
906
773
231
351
961
839
892
680
754
416
522
731
564
291
642
