29472
33842
79644
34545
25048
28385
13570
94868
71194
36609
72892
10794
78094
59301
36672
26938
31414
4756
16652
3468
91392
41697
22946
93717
61021
10929
19848
49304
28767
56354
83790
67520
60314
89391
8401
85072
36997
22946
15090
79079
84052
32517
87229
6737
30402
48178
55222
87313
7503
83194
13998
34447
42990
75938
60162
78303
62430
50616
31676
28340
39192
21307
3987
74491
68740
52494
35925
61808
22363
93927
95970
7084
62374
53384
58058
54054
44829
56319
74955
80395
55332
94566
10536
43676
90750
72418
58264
77871
33337
83912
47824
42894
77147
81483
91997
35231
1912
31877
42377
15122
96887
14726
73364
46284
86388
72440
90150
71082
66041
58949
63544
81227
88355
73856
12520
87599
59493
24987
33148
87816
18715
50398
89974
23189
83617
62239
76974
58681
59293
60290
5380
31598
61877
23243
70078
79039
23831
24874
49798
33202
82574
97923
75283
49368
59763
62900
29890
71690
84443
50046
49909
68326
63971
50170
99164
32255
24207
46602
43052
13077
78879
4238
59839
4871
51334
48874
36496
83148
24856
46603
24380
73328
45324
57357
3574
59507
65977
10853
8618
91185
80343
71537
3526
46835
49851
16306
68176
94397
59626
99020
30352
46627
10143
43437
99127
67023
17980
29921
74319
95308
54636
6346
21632
41248
26930
32259
60081
32338
30506
49189
75870
16597
88303
23375
36353
36816
22704
36786
74084
31311
3822
60767
64129
47597
42472
47954
9459
96647
33551
44507
32096
30428
82782
27716
99743
210
39587
80339
83305
5471
34482
10396
17015
76112
8832
25019
6151
79991
26384
32547
76391
19983
76303
4979
52977
56118
13717
48399
91145
44982
96114
79100
40460
40224
48955
23905
33303
78297
50935
1981
56553
52758
54614
43658
74801
20487
67779
58081
97934
80650
6086
92697
73360
98708
8096
3273
40892
75869
1610
74738
43767
11320
29169
13575
47961
88537
60688
37246
64685
12550
25864
45558
95738
39690
94519
8548
76767
36539
60889
57585
76164
82541
9437
15844
21048
68521
23802
61478
20542
57456
66994
67144
3216
76360
56354
35482
21157
31288
23451
51213
14216
12750
70468
46732
59432
74265
95050
18355
43746
31922
44106
54279
67749
772
61548
59475
64806
29610
62740
39327
60794
62406
81666
52595
80851
83456
47995
81939
88574
20324
64820
97934
11046
24535
21902
44631
62650
83066
94309
1122
99241
64165
32531
14769
19072
92835
57081
9554
97293
25698
21963
18628
83616
23316
79149
20764
10519
54723
31145
5175
75554
48400
33301
58177
39316
21557
46674
77211
50270
57658
38263
43234
59636
19336
48545
77880
69040
10669
8990
25326
54356
51373
43155
51013
15971
83067
95032
29938
83633
26468
38784
33404
25676
52982
68673
86784
97668
6470
20558
58189
70111
57246
6533
43586
11101
1708
90153
32797
74503
62145
84199
95044
19557
96454
28929
95952
87733
73330
8895
71931
34937
45176
66727
59085
80558
43995
41610
54662
40376
5315
77218
81679
86946
93581
23062
66050
73373
19645
71948
37319
47755
66126
6891
71197
11197
18848
72217
43835
89934
47973
16221
86396
86419
64755
23425
10225
70267
40800
83074
70032
98184
55052
12536
91598
46510
26335
40506
30516
39219
62697
18001
59570
31266
15875
37881
21282
18145
12509
53991
22707
77261
52784
10411
41365
23433
44470
44917
63940
31771
13125
94186
68370
36557
28295
46740
70319
83053
57640
95870
20732
49379
24735
62452
54955
29821
32232
96829
80100
66758
40724
34886
57506
72977
25300
60993
91503
11942
8592
94058
62177
39284
87332
4071
60587
84309
29207
50316
77046
71152
54645
97077
15559
95977
84632
89310
99424
88827
97250
97122
88513
31080
11681
39954
71420
39260
74272
10579
18108
38329
59782
98474
32404
28297
77520
28378
86773
43841
87733
56922
34132
96508
11803
63239
37556
98204
60049
84824
67706
75496
69552
28034
60050
39753
55631
52318
66900
88258
9677
32927
97285
87614
24072
9741
54722
86535
30515
675
18817
44396
57853
13546
72991
86790
7181
19199
69282
60741
47776
69733
87404
33898
5725
21712
35446
2861
76803
36016
65840
2802
95189
35504
13699
83335
43011
20824
66157
98088
46885
72752
4025
12332
94783
93251
64431
52834
18757
79793
2998
4942
17325
18082
6677
79694
20408
58403
97233
4571
27497
61751
79532
75695
17740
54361
79048
38234
32225
41686
24139
97545
57428
54299
36083
57933
98001
61409
39143
4898
46002
36558
29372
77174
47841
56688
74880
64555
46189
55521
35084
33064
52627
52139
66611
13027
29387
61742
39575
75413
74236
41928
48775
72955
59220
22729
15527
30576
23003
10612
49248
85742
57529
44253
26808
80648
8964
37035
50699
20521
87741
62199
581
16555
66138
89147
52732
60949
9060
15072
25334
91134
13188
90533
34041
83587
53979
63221
52434
59450
98065
28727
50321
89579
48986
83559
10641
66824
63415
84291
57093
9015
37252
28289
39124
21464
98787
17282
43343
2909
43801
23468
11880
71480
15428
6654
26779
66128
98356
96025
45006
54743
70423
95924
42801
99311
27886
87363
45599
12084
4012
46055
17037
88021
6893
29771
29422
40355
4305
14637
13943
52324
11486
13912
76419
7602
62802
43399
1011
18203
89940
67459
77542
39527
1422
48618
20937
69759
37954
52489
97864
3565
48196
95537
11967
47038
2061
28168
17963
61797
31945
98336
47521
83156
15939
80338
6062
44616
39939
81912
20065
57806
32829
91518
22944
72334
10908
41366
60811
33264
37467
73094
16560
7062
64718
56634
74694
22418
77508
79973
72129
89412
47698
97002
47966
84294
78643
70816
75740
23788
48663
35935
58090
75681
63846
77833
14751
12771
27149
14516
1739
64134
53206
46549
50407
20044
16027
71231
47779
66877
16342
2841
56512
81458
55903
17987
67762
40315
86856
7186
1702
19928
43
95150
96595
9194
4621
87926
84458
95575
56710
84700
43272
79463
29919
10225
42827
73173
58000
91268
49717
13546
5772
97734
57440
10006
14994
45592
42174
25431
33428
44559
57243
30487
70053
1350
21488
23519
7503
69104
27950
43321
61346
56134
97065
71465
18716
74206
16140
40977
16606
38789
89564
42227
86722
88075
82964
19757
89030
7201
88269
56829
68553
57596
79127
26417
1730
70059
41489
41336
37748
57616
83950
94812
25204
78245
24415
70165
45690
29566
18877
36308
73064
84834
50826
94783
62346
48413
78831
17123
97670
51850
65422
50226
49814
60521
31709
60460
57808
68752
6219
29936
62630
