508372
10647
916366
934161
925410
141939
22986
536797
595797
976246
140052
813490
868983
844017
109869
761169
138718
104987
784258
974943
953625
787673
238922
198070
434664
680327
516451
694972
81744
218211
246275
533461
790644
723388
565616
805660
473402
791953
891017
933076
359994
349195
26430
493939
252385
299696
839716
915054
985815
406670
513704
189590
862143
201195
835646
783082
104387
309947
259268
720985
239965
914802
107494
328901
640536
190217
181502
464939
300582
382614
282493
768365
654728
678873
357742
980509
791882
182650
870171
989312
292273
492395
748958
151676
340329
21200
921637
958730
654159
286852
754401
899541
729566
994148
646602
594740
94098
229925
207846
996806
32584
725429
153431
269276
695434
357780
902004
503333
632216
864618
250216
908939
538949
861532
875625
653676
107471
627947
226288
76668
760321
821467
120384
761852
910296
632176
29842
817497
256743
502264
847408
878897
867741
180666
312291
439173
150256
247939
225590
535066
455214
993416
761313
892132
297560
153974
161196
900430
910858
974190
425429
877661
242694
992846
659511
449820
788824
502117
764420
985062
477573
250294
840156
402556
499235
453211
160624
812669
106936
901998
905281
562171
208359
484454
358426
40720
898318
404730
576708
838834
655227
343254
618335
323509
807059
612201
465188
659154
290014
604053
927786
984532
825884
911329
352826
745078
372990
494643
924452
33621
724126
149499
730426
579049
263959
185307
484435
926286
491250
527271
703920
548274
636142
276096
727985
270500
308726
494568
673954
118128
635349
283895
349529
853657
758894
541932
349892
208671
689664
377964
551885
507761
814388
847854
443241
905519
533546
638785
170725
280866
865509
187111
605129
843071
935059
105890
99276
114613
192107
618652
913662
401944
291265
264242
325909
3051
627461
691389
60102
778896
994763
535062
634186
399161
613612
469303
760693
983947
581394
900120
97471
356572
768337
815048
290345
223903
638702
355949
499859
812156
4146
229250
5315
55386
355857
813279
106289
749468
35202
141997
763703
54881
147427
362147
818313
177929
419585
618071
617862
909619
2902
678087
874588
463233
924716
7826
536543
756780
84002
996013
829785
516041
742578
581468
602241
886295
215261
366759
5484
802040
521041
82229
947352
697891
329959
16739
500769
792889
404070
697405
609623
927189
908504
610953
685576
291564
406309
291826
557448
125442
734448
954217
114933
44507
343766
384815
487551
454542
872572
856066
845790
388138
994302
6852
626149
87526
248596
971734
192174
512643
730823
159604
1336
646917
462087
96344
517666
768494
224432
852015
938876
940467
489546
526184
266529
703382
642785
647297
346668
582154
642151
477368
963154
191636
710471
490433
534861
721858
958473
919812
795514
332376
56316
390537
243040
580656
670485
454490
494022
749325
940145
579102
443207
154249
257114
864106
314491
175894
863282
935479
271385
217428
561095
845347
994272
963143
350306
65092
269762
358404
545566
602009
146089
734623
714327
778232
209646
518698
149424
938002
742311
31018
965946
658490
140522
189775
16924
442823
944448
884442
509603
693937
161036
679242
159869
474811
284266
920867
293506
236611
920657
682620
354702
824841
645985
593886
665298
217657
598025
274508
626803
362187
807683
793446
426328
71825
980312
75340
7525
225422
751277
182760
873241
975943
128343
872058
756797
81035
49055
82485
309008
559556
796929
590296
91054
819792
318706
188176
415008
536510
15442
226554
640885
403915
424863
843863
431681
19347
448108
754414
935048
437580
55055
514011
534018
10005
562207
384021
596282
121831
871762
363195
161622
986349
451133
98368
624700
698120
509304
722499
917590
748169
288932
318769
109681
587851
103208
483058
586357
149299
436077
395489
371093
852778
126202
830886
437058
54737
897633
148015
973480
402715
327904
632627
43334
268751
16848
447808
886460
950380
801331
113316
16581
589288
528743
327502
620762
437331
466268
402282
57180
365117
671430
728864
699286
849145
989250
616241
634832
179435
136055
433101
540149
475617
198002
928346
994013
488854
75515
312851
412688
379913
821037
247095
79100
516172
616168
1814
17330
77111
905498
761677
201768
838221
202463
678775
480743
367449
99631
634563
240900
302818
97688
709297
913609
210128
170192
926245
955781
242291
208229
626645
928675
933503
759571
35456
839038
265493
557955
819845
317901
363258
295126
629975
660093
456311
876548
612126
755069
179063
702397
628832
385397
598184
264330
224820
280670
256372
547592
117601
297166
681763
347918
52807
475023
200784
721221
475328
580111
164456
765697
83543
616115
370496
228001
281507
261226
575533
423454
163714
352749
492504
144544
263050
101130
869994
799465
10480
359501
725393
911355
18777
554619
79456
972328
971815
146907
785349
263594
335376
161771
545698
582166
502455
767508
991550
910482
646367
147768
522560
839755
517748
375632
948177
776250
141625
59048
914439
246351
257830
104201
701610
446316
489592
764525
714179
786278
283223
90091
529336
731713
569952
980552
257427
360202
772053
21407
171610
666783
984158
389272
440333
447857
137212
476985
948257
689162
215711
18072
720817
729496
756516
27351
5761
489078
859837
998578
515523
439889
58031
713142
811890
392689
747334
217027
652285
593532
823613
141776
52342
275707
710648
201123
410847
688511
148110
13909
855401
308645
224318
176949
162867
934039
356940
438937
165585
977880
807129
367838
126431
791743
560067
81536
110937
196186
345396
544752
441225
747317
844328
766103
764246
226128
498917
691716
740830
852402
787806
304983
405634
816372
85062
857438
672737
326045
970084
532403
707616
128705
870156
194035
325468
735089
14868
138838
590648
323493
662660
683503
129616
709209
823618
422515
358215
598632
667533
412286
674529
492675
620203
580922
763602
727931
659025
492383
756192
55595
650906
377660
91821
125315
616134
517692
26916
496386
154045
659613
837110
675509
406142
423477
857759
680757
529030
556180
710750
855556
900186
61395
868060
863882
200442
393082
352103
974567
509799
341773
985666
368434
936288
38954
995725
695204
478116
408012
251036
996673
861641
958838
166083
532845
365916
909970
21809
637044
706252
37497
304180
136407
567844
415874
726480
254866
101598
301600
239414
649930
561599
78333
150500
996101
232114
738243
36239
122765
162643
666795
284428
924457
140611
549536
699350
711282
419262
749398
953112
752833
510821
5205
554644
254991
548305
490684
313117
743821
580931
254881
134519
170719
715002
597817
323118
658968
200281
48716
381858
396660
821570
798690
158103
575958
325817
471433
633112
732435
215936
972715
223095
80658
204905
870931
399744
329625
140446
445951
162981
334645
293233
252895
235904
514187
771992
665601
327453
278836
378223
581376
488283
517017
756772
359575
204801
248447
49619
525971
441851
489399
682606
436079
620561
116603
634727
194982
56890
331384
409039
806241
718682
374594
288970
995999
167499
902763
575140
613300
436851
44228
496575
174446
802261
283784
15620
755837
968866
765538
68099
373308
856160
317673
547450
96680
753755
552187
180953
994418
840556
811873
96585
326817
383350
291525
155763
842527
748311
354241
4595
736237
46070
219692
908922
939655
590211
639544
296536
434249
518478
421228
26819
36285
297105
546865
365014
509942
289418
953368
648095
428229
442458
300650
221564
963991
391576
969789
152077
300664
438871
342970
671443
958547
62805
563776
998550
351197
460028
387799
161851
873752
965263
141546
554511
209626
493865
923050
573473
763649
732529
892424
603683
929271
323000
564382
92390
973490
168797
993392
453483
851202
683219
341120
324558
487793
501017
441470
480945
475372
452506
466013
908168
72161
945090
826281
238063
397409
688809
743551
298561
410528
9843
120034
93848
754002
942318
560165
370137
140819
958219
65959
638641
221181
527821
557049
202071
710121
767077
26484
64943
163341
808700
497793
405480
881436
776237
784021
874364
175585
597544
915383
806877
472442
764486
307560
716947
899066
495425
788496
388141
146943
757466
549090
322854
135445
250087
326291
779355
697853
510009
924173
757752
592148
19451
844113
526391
100780
168704
485415
232579
506989
174146
457038
689568
580677
12373
685360
369350
431771
329915
375772
149964
501282
552403
806418
516820
803983
743360
366927
47194
40675
152675
654513
110878
303784
496474
830760
740915
898109
225955
514797
569955
225145
595018
940767
645883
910903
620713
685528
855471
904953
655495
860764
629077
581314
659565
589834
58363
969593
685432
581993
457127
75494
661835
836245
360594
1184
156135
841588
186704
503005
451488
268243
243912
574162
820060
444292
547247
159569
320342
941833
53706
377120
533235
765854
972228
17528
890930
649086
38778
102289
256105
822847
834357
669146
536682
58762
505504
456636
316312
646891
325145
689042
600883
407916
88804
245217
474547
631764
840909
551852
36659
981033
940162
821484
103306
143548
665981
968743
514475
893120
826324
978727
365333
259036
197446
656816
895841
377860
420027
301720
88979
747889
200059
149913
478953
73184
245557
1386
127324
415159
225524
618839
906227
97867
712096
870831
971578
537102
109027
859841
389657
820081
670302
403028
296115
188617
466322
496406
428046
794461
214962
505007
502063
614676
386189
241421
822931
477492
254128
756929
462171
138736
630117
277995
556449
501549
518802
652513
633107
689090
409674
336347
499429
509152
607027
453982
400361
70177
864995
98608
952075
426546
955540
73664
944869
927885
275112
429626
955671
982272
652195
519211
967261
510316
91806
187622
377092
541993
547857
951876
450749
448572
226380
861878
218421
503529
632082
388286
154016
742084
455881
430905
367571
372580
573600
474862
730206
509242
387157
242317
849504
578646
972698
951435
221886
675483
187134
490726
33684
855142
43021
512597
595973
796664
949030
320987
433104
389039
221723
690370
992356
202035
758097
960156
333748
943054
568488
654582
855956
442040
530785
486733
229759
755549
775449
995628
360002
23811
674860
16928
563350
531263
320102
125273
951971
531225
845085
813007
623911
243895
455975
333396
139345
989714
573962
792299
296248
384046
595611
93510
25472
210433
10694
271716
873576
878684
624976
907685
77477
326375
374378
669948
565720
639088
706839
17242
406888
696607
984572
703343
240843
540424
14993
997748
707231
745679
865206
81138
716658
769726
321750
589731
585431
633009
988511
521105
413785
485366
161932
218709
83569
319896
12514
157719
450711
471157
979508
990052
369269
282421
148538
782891
643965
981390
63236
14638
114340
228749
446913
662001
405921
392117
214708
263651
38106
141808
70092
649316
534302
525557
697857
120301
129216
121777
736004
121639
380335
82181
221621
206757
62157
40252
553282
604728
85420
167936
19575
491983
620741
628435
567639
95619
450046
110538
988067
635319
955906
719318
757098
473350
775117
933506
662287
46445
494196
91573
346863
454190
284505
419466
28392
347128
187079
153548
146015
576752
906270
526014
229954
946473
596080
548135
198545
484472
398591
772268
386129
271606
670301
466608
496612
52444
508502
792526
255134
629487
607491
330979
805935
192486
541886
177152
402209
917868
976180
41813
250448
366633
347682
794609
380096
655746
785781
853758
924595
35132
688613
661544
421245
417492
922674
28566
241634
959728
558703
231178
516875
336658
423864
235042
317572
301424
527744
198987
918636
29227
171186
769605
39346
199289
286712
298486
693682
756800
849806
62165
572214
492175
709274
815945
6987
3889
268331
749293
37806
702848
609456
689843
46985
923963
779750
589122
542555
233406
76657
450748
787366
713776
867962
205443
803825
243340
275392
117719
856181
918033
274718
5501
186751
825011
786833
402743
739315
433795
394745
438932
764955
778370
683642
103995
133747
518075
420873
509413
954540
531694
49901
72753
545132
121576
218725
936466
387632
222354
767219
798418
246158
687092
811778
554152
32665
671989
182600
442072
400872
79289
528679
254281
810964
78750
322704
200534
141924
20633
437800
577785
146212
450316
237826
723841
812364
262797
763134
90719
960403
574749
152283
415849
336075
642273
79627
312836
42625
789355
28953
790960
866660
380048
858410
641952
920288
508763
242339
624310
41580
126170
418039
751107
379589
600921
446569
621325
325804
990717
527842
16137
263078
867929
693362
856191
696712
478394
239881
266161
864643
546348
982783
286964
371478
302294
776639
70476
477083
678601
505315
237032
112342
111601
312572
377542
265597
843283
254591
872984
932785
298850
754895
803589
487634
592050
417847
321263
21382
47803
792826
762736
403973
873819
569676
968177
957423
183994
71060
591449
710369
351468
178764
440654
273086
605604
330051
694011
467639
973764
881010
136625
967825
201603
421575
631274
881322
408284
101210
455579
989517
410729
364787
221122
952389
228424
436619
917686
148059
226592
393190
7117
982104
984248
757636
12578
400288
408679
732252
560581
606953
244611
618850
695162
141003
364291
290381
243496
680308
726290
593151
142206
745647
962474
861742
96266
726978
833280
765314
304104
253024
456659
910658
678499
967984
670077
891480
694928
678504
836972
911644
291094
959753
913496
920539
411332
371501
957529
825540
194291
443184
457731
366324
800842
274977
931231
115059
785953
176729
446438
628613
362133
591962
819546
403252
515435
744258
252352
971564
759052
75572
128403
155670
708732
993693
440382
391822
913172
262507
795897
517176
716318
629446
985286
504145
821699
767880
268639
21092
914267
125158
2774
425119
883826
468996
352752
569408
306545
930614
736953
579927
559409
608447
522527
528326
835123
799510
524274
604902
83654
815642
242480
669486
185339
406539
119305
285541
852203
98575
590877
861418
512661
956599
541013
619184
797055
234501
203750
425062
328763
206538
844810
668721
817014
143303
342225
705663
284485
274556
560386
946532
399384
64201
874821
281584
607192
289722
361820
942913
923968
116834
296904
737471
110783
850178
175500
488931
692731
33920
480461
647600
531586
722004
626650
915340
976472
410230
438452
989049
612454
625779
252127
628551
12138
578388
640638
31432
742360
763959
791980
28663
355914
943287
330641
261109
503345
850394
794820
145196
253041
591230
405502
170735
259183
920136
446967
874052
89528
236352
333322
549693
516957
533651
889353
695246
450505
172394
944242
268641
843294
950261
858075
403564
386016
332379
973838
622132
59101
904034
887901
787093
536819
535161
265686
692566
519715
371398
195690
763945
302438
535272
240900
83880
636915
666149
967430
424067
239939
615688
887841
129166
401623
755222
475022
596438
268202
888356
217424
655181
277879
433669
861939
686792
914253
603924
525718
368876
850582
549234
355621
683153
810019
116840
416681
856216
294663
77975
729216
111059
52276
134455
869883
388037
262183
642032
650766
393632
101269
909051
167148
911808
210452
167963
430208
214651
461393
365444
648846
395039
411431
85626
559450
902968
893924
153793
101760
493443
320286
808774
502541
458691
518535
539910
890622
616137
603138
717999
657099
850889
838251
277296
436678
66577
938272
410722
161124
326482
687773
14722
433481
474
236918
659476
826285
330572
201045
521333
470919
940256
918993
467246
116842
939023
650647
699603
457026
357495
137323
739891
461597
129179
749349
816467
864656
18850
23469
782943
207715
770197
29837
748231
814285
511438
575391
156005
104659
823583
772674
318616
209010
677404
60232
193038
963563
17594
406032
765169
969867
448404
916680
244093
51828
474035
74319
99941
20410
558606
837284
906785
633409
367882
261629
322884
369977
729396
562988
780407
884566
7077
371337
122462
925565
564096
888599
929770
284667
690310
449360
176790
625010
501084
965694
329912
194544
895382
340188
605810
255103
356525
83294
283589
726720
840883
476588
271706
827964
552193
402355
195391
557911
121361
565510
884240
756213
765501
378322
4387
956373
916490
267875
346867
214420
696242
678148
495900
456289
49270
350402
469661
272694
543520
900347
445147
22931
349683
909183
509700
593898
263170
249231
306017
927174
12961
71622
856719
913015
197497
682896
86714
125789
531124
98684
249786
806459
869504
212802
160332
870388
936326
748344
819933
621941
128296
770616
176221
242418
467959
824753
13068
978278
632504
67572
630172
11865
63861
957032
558009
937950
851435
41034
293904
62786
796436
176152
56643
307117
246563
375652
640882
949777
432193
131494
356326
387305
993208
278144
951172
16886
634635
363974
518656
607402
914939
785714
441823
512496
30935
812958
464022
689931
770455
635800
164415
442087
466621
512335
816676
652452
89236
340052
937853
97577
332785
436643
259468
215418
251833
101283
96161
577931
20900
764044
860587
934166
296104
220453
799405
228411
747387
370522
590460
917817
277181
561731
861178
642529
43382
8117
629269
605326
192953
229519
362683
898683
979032
249566
536195
454117
921904
423925
315878
89931
403851
728158
481462
768626
233410
649976
122719
938506
891853
283526
951418
282922
160298
300005
614591
657535
820373
20028
59548
491274
363064
304282
229972
839818
250603
778471
497879
724212
772798
224514
710456
520283
268582
350680
213000
627896
817044
47705
180888
846381
953420
14827
422936
287336
882801
535613
185381
945059
715788
238016
954036
501309
435857
204167
855840
771962
135919
484251
877582
479173
372905
965899
476168
961249
117920
71066
66392
405290
829261
68092
245879
16397
673213
265079
125132
908608
93463
167745
303358
943302
476591
947083
36418
444711
702843
255936
846626
536634
993412
599795
189634
802602
396455
904906
460618
618324
87485
901955
837076
592016
384097
409903
288604
366027
282631
848991
243941
871009
123473
948290
94743
504544
165938
412844
763236
990463
165532
561962
529154
448585
914920
414093
122009
303692
699096
742652
240546
252934
47860
384692
207906
259406
13844
79671
487108
171930
731084
588129
346031
352691
783166
807806
242806
569744
328621
33468
451059
304087
69346
628506
674048
401611
537588
65473
649986
997894
928511
74269
154188
540936
863382
890400
12585
900215
811035
519115
848122
125904
265774
863933
349332
843519
301783
216893
652245
159487
407172
44503
603993
197174
272268
772106
547843
220440
696050
795465
727466
985155
796501
964364
155702
804112
922729
537866
413978
927696
638469
561863
505548
171308
591249
584304
216427
860987
760551
798617
526793
603087
382774
714309
59478
868510
972501
811430
635178
576469
988658
582835
724279
46498
454240
643886
530762
98985
706449
230869
603689
655282
481005
616230
405355
221367
428243
275464
251286
345449
126137
120684
358963
558865
272625
305739
51711
769402
307470
703998
819420
658158
984929
239046
631911
942814
117082
676153
385030
451435
21885
495037
632061
2495
56935
58449
313491
112739
13289
265598
533671
206720
589314
393509
96890
498884
35761
740041
183711
868280
574362
684246
287723
528388
981725
729845
976305
863290
760501
168607
666937
291622
917287
735343
624490
177888
848183
44
54538
398842
11215
4821
755477
666826
177294
629436
912438
932712
802702
490115
137770
620743
907025
296325
943543
757627
977009
397901
727089
884847
637128
532104
77147
313946
687845
74383
503146
678811
674054
670111
440744
322689
447504
549164
974090
597366
593869
80096
289700
835946
810878
589885
867148
813044
162819
785583
230529
386988
965532
511415
737054
543398
924226
252694
439709
334675
831767
562670
533143
85128
793054
630706
394916
33047
122967
337718
243784
277157
518520
698130
746170
44447
709018
141123
218131
502839
681514
784734
693022
292472
223097
715665
840509
628842
127347
967289
834024
444982
224967
964131
962699
557712
959501
536551
352121
480070
161725
33620
364234
70393
589361
107080
662639
336728
397894
694902
638698
659020
529805
533478
653887
149611
38310
563227
539522
664550
775164
75986
761925
534369
945317
485116
829693
858370
491470
745763
581969
496787
348721
13725
11951
545967
781715
527550
835929
715564
126777
15477
177237
713420
567208
623865
449079
842764
279275
370764
26958
625621
823663
613992
165252
370471
522026
81162
620073
241308
561214
74163
870524
798522
447836
935948
292545
548204
202562
738613
248598
841177
699542
567121
296057
802284
27493
259104
667356
455733
883983
829911
458953
172282
590200
490318
627338
37266
875099
610007
946944
393830
348747
258654
358597
907486
924446
241849
508638
273533
557974
907769
462003
464360
287887
351908
868498
340873
878463
21696
493328
661544
372779
111499
420784
395059
940700
432371
448598
731869
621834
483171
777285
175727
607934
511976
757414
512062
48939
437089
590103
411119
23747
604620
688487
153939
340037
212694
971411
446976
572661
912857
434050
505560
29755
232138
176232
526113
609131
618390
427701
993498
345904
93454
557160
922294
85320
981714
414304
742964
465120
29793
35386
8176
569740
302010
934191
809647
48731
58591
290577
758033
261760
593829
855500
361050
175582
854827
37481
854870
734468
830468
582689
160977
672961
582864
878881
850130
585859
279904
584392
905070
340412
809554
3122
64746
102892
547369
112041
342551
388767
344962
234052
19787
269065
605363
292058
953077
81924
330435
542562
545565
453536
394874
916822
659052
529291
73319
733444
689622
729562
640691
90891
885430
935972
407470
101547
658067
942946
740694
169019
972025
411965
705995
685101
807340
532834
584807
532888
893161
499495
657039
934033
220339
356443
200759
182583
366965
345371
368290
914854
310179
970645
427892
428015
635609
494227
428735
557810
188469
641324
790211
236604
719495
142622
479536
33958
347666
865744
396119
564266
589802
713903
645091
682364
569674
36113
43113
690128
819519
470991
947870
645554
277740
367446
727324
421664
201254
808869
861394
227418
709758
862070
399475
88223
273397
804711
662955
723641
64777
966513
573713
488231
754700
819607
497874
763854
545669
196723
204350
123244
393635
513908
490949
968669
746624
880118
432428
310659
806290
871397
185481
412123
101238
451578
369794
585978
251427
403443
31719
777786
327348
535090
373597
807255
895040
708797
913399
140217
101907
362037
30712
290498
894343
980946
387426
683619
528934
485394
169438
774520
123744
585916
392002
508412
743278
772234
292505
336788
582109
455373
414883
948704
43123
540412
61886
267238
620626
695123
301131
504739
134576
934437
425837
666377
583040
724739
65590
544559
396132
505204
741925
581971
383201
674411
471870
149383
37863
208768
328115
825386
69564
618946
430043
483255
300249
881260
301752
101609
11631
399083
172214
170352
420482
840031
720433
94952
135202
926251
563461
333522
695423
428595
76442
649110
778087
710115
335070
994105
880655
984287
488071
815449
207283
753279
986372
491677
338234
100898
453863
807830
229132
5915
522331
255779
81549
349425
337868
521321
620022
144702
477103
49319
651724
542543
823843
58030
881073
725711
808212
43100
594632
328395
748008
779154
853387
524577
288524
701100
476148
164525
497649
112861
54359
924632
905828
973073
928193
814261
112454
690392
637267
312681
840898
206134
945701
87123
848712
983358
73580
46969
849297
324760
72641
100825
371529
50082
179724
680909
512152
609000
912073
792977
27428
58423
931570
440275
47082
246504
568471
55638
472088
562180
434569
610311
724671
401681
370861
672184
848963
827703
199677
584323
699208
575179
985017
841892
555880
461534
625603
700712
803093
298285
559948
804116
785957
697312
847920
190528
460318
444973
442422
176769
489823
745223
258399
416448
781844
810233
165536
215147
895524
531739
262300
647563
176573
910125
210468
602797
26829
531262
230855
178514
44299
400834
295053
59984
179806
114663
6596
535438
325635
520253
469448
305340
966950
563625
49927
582887
892429
210568
221624
407837
405661
276169
563795
776201
660045
391630
105744
977473
760752
313101
576281
279177
455692
136712
174308
880223
644768
442800
835547
278906
568382
930400
504726
180615
924824
114330
594613
212116
421686
96108
422865
17557
712415
946244
492795
439831
978155
490742
49435
424552
535235
971872
334267
473033
442479
365508
201464
291813
865162
994892
300857
43444
553070
284189
478021
555078
567721
705410
262708
301507
63837
724774
470154
119460
638971
582715
265069
152922
586697
763033
428475
456411
285338
269733
256166
822459
879360
704325
848731
374715
164168
961240
91112
317512
400254
919108
866029
121246
593609
367112
530492
122136
426276
53535
446603
919579
195407
11161
332954
268719
502285
657104
494697
100222
887398
560871
894051
889816
25711
156745
115955
524006
112333
644305
647673
85652
484565
479687
944549
853906
405229
527436
735807
686951
430911
2260
878169
592796
73582
107275
72771
959317
795329
886573
206934
538591
610939
235661
820978
148949
30257
566349
106847
775524
806447
741791
508928
476478
421349
368001
154583
21736
863545
797915
773672
421897
675969
577629
599382
696312
535666
611757
427995
703913
582439
94328
307802
368916
21924
532777
133457
842384
345982
195000
144415
428988
801366
529916
96694
490884
631104
922053
460882
556633
943995
681426
907700
2690
706591
747411
99072
476310
792424
395354
328249
555103
705877
398789
132553
856772
212502
280528
388424
769464
257141
930601
834648
774299
219008
46427
776318
989268
448502
236675
8819
574740
573794
481986
771562
681473
770619
21873
686341
945931
447051
422829
440176
836315
660077
556402
397757
931289
806055
117861
952732
830555
922646
273650
514252
13787
465748
53058
573357
403355
915671
58482
614796
897056
85818
412176
238668
222005
514892
468031
445670
758718
611612
767457
742460
417769
198512
640451
574605
246083
353867
138888
789430
270678
713040
520166
404934
78548
763993
893447
349509
683392
938779
177600
732521
505569
883934
325263
609024
991131
708868
84129
738138
118769
637120
566695
980328
56004
788672
516483
739768
9952
809693
780391
433258
978135
525240
402338
139639
354667
866870
269480
960553
371684
927736
530821
258118
873770
94659
215380
40634
445006
537359
319217
526149
7754
171041
599261
576923
556949
863785
906541
692935
420781
475434
190693
280052
618411
531067
957871
631895
81303
870276
236753
532316
71705
920117
432493
271711
182792
575221
847197
177754
432040
12296
799107
922148
821908
660119
485306
135249
327857
679707
606864
997275
357418
873694
524619
255992
496311
830595
212639
518362
623307
593472
699697
595368
864861
306796
174537
684833
242501
886107
775434
202542
465188
285746
905554
920348
85749
319279
16838
936019
368885
86844
230576
867951
117243
316161
847925
192197
696473
173533
744847
608247
682177
951630
591525
48697
751650
838285
630634
397668
695303
770059
669544
278268
190413
573199
180572
999058
163013
299139
358749
809422
841887
145590
600659
52745
689002
215596
393302
99683
254619
760461
748333
268589
823327
202412
293755
759265
999206
520363
434505
501032
668538
607719
319061
790885
985728
146216
460252
560495
168193
703295
148024
715419
343479
910408
794707
158995
749876
970846
619791
69997
410419
259117
876294
774337
689496
142172
14824
935514
958445
5605
384448
845927
99111
811821
238808
806528
911381
264681
502383
167934
120269
753299
904297
816954
131694
515837
533228
481003
710200
204377
433205
269153
6398
837805
838614
409981
989866
194925
508731
698924
379750
194875
42034
851765
738654
279878
823118
599648
339226
313011
67663
939282
991296
196294
964085
337913
392780
701516
630319
927192
978693
437516
294798
110627
562368
299200
490884
68840
667091
753726
340155
176879
481224
42366
172684
307903
103134
668207
818896
895148
212905
316756
826558
904439
690219
532598
994931
521939
787115
98703
665285
387547
222577
843171
410849
982338
36143
818715
152113
557343
89608
218864
804803
460516
773151
888653
49277
168808
107649
56186
251066
546918
551481
818887
153482
775811
952234
782673
765970
480264
170039
47334
4443
461915
951780
32566
698735
461966
750371
491293
530827
937546
562801
288867
646884
579474
211727
956838
511165
754658
485774
28027
166467
913100
125969
973640
644962
577251
609237
442930
811892
443226
982589
93967
243018
865871
988244
672104
139652
217001
855770
650618
386290
435586
305890
46471
653261
163130
783819
959884
427406
749346
304616
906611
65226
787896
794387
278326
572951
20102
801170
773692
976500
173236
921916
112842
966966
378991
491261
222657
894663
236975
578997
894645
461928
650039
914492
707458
848474
490075
829159
135412
29091
326780
682392
972473
46752
236278
56362
648674
468966
172805
192411
986111
964738
860941
307900
633098
865452
647958
260236
906754
139904
877560
202429
709251
589339
438800
80066
705255
81872
791889
459331
52293
889065
372641
364033
879811
600586
127604
922263
128445
702515
242987
271793
682703
177456
735769
622399
298117
353583
534729
686615
848957
162271
412260
678202
333588
86641
112096
746575
748852
100820
865122
89334
982590
818268
981323
155739
436524
879869
292170
513985
644977
625424
53191
153844
783998
164370
658905
229926
684764
288365
842507
201673
931891
589757
618230
482092
654163
927722
370065
467684
234450
726464
242692
121031
444075
623747
782189
579925
585135
368065
546286
892363
42924
926713
679300
943341
421004
689651
9561
417267
410553
411665
128061
732999
433802
882578
372219
987008
681851
630141
186131
807321
455720
779379
726512
566417
608966
831369
908351
807708
824397
900637
940102
754221
342558
485244
598615
119585
245098
249992
785939
779977
578554
67130
781719
220066
226991
382971
350491
786745
362433
824916
203312
237455
256121
376829
524018
39388
290482
839732
929254
429428
198626
260456
537961
236004
727510
535640
414448
481982
638379
345318
490697
580495
93050
841679
512841
304285
102990
876746
973032
362282
43817
924361
63196
182724
150792
851560
46196
395759
7436
660964
711032
351746
90083
456739
56421
600987
276933
479772
116457
293736
149678
907344
73714
872728
169811
762531
45007
585865
536695
884116
367928
325502
402003
281318
83663
689835
451263
35997
12492
413816
869783
239520
913692
108923
93697
110726
879333
617534
21571
558217
891077
521689
275812
114788
553878
732953
110054
386835
368466
952233
126996
353011
227377
635897
142641
65859
586779
337946
951866
300434
717438
44143
986758
692856
365745
860140
978433
272420
76526
248573
594548
633591
519129
15679
979665
241976
591972
398492
10989
558663
168648
121146
692621
839676
255506
831306
968638
831844
95588
597347
314007
447908
995179
952757
598090
581090
97547
238207
393584
342741
396368
649488
936623
815100
811898
82385
650597
119174
507373
962300
335793
362267
562921
258127
65889
986701
118388
540316
65683
736108
943657
4609
863812
233820
323364
643419
240900
153322
418292
750616
50076
627036
307797
703632
127963
150671
190305
797435
375380
35386
573947
722296
565835
591258
222030
862943
179676
939963
330275
994766
182460
861314
966718
613131
999599
973893
344670
571843
46604
997887
678021
98614
870743
494903
311733
220649
464711
492345
812339
78710
740998
826375
562011
922171
928058
892673
736470
655907
675936
739497
669219
715002
353473
961197
568820
47347
147434
133421
404298
371245
700762
813179
729215
987279
574224
437850
870057
720298
928404
95456
635800
546412
198363
484535
572100
109487
990701
788112
851588
178998
900615
306460
569436
183792
350149
393930
696302
568125
48497
255363
445129
528318
662174
707190
512537
622917
588593
422026
935001
444576
55962
180256
670935
292404
680145
45510
232243
715897
325178
341663
157496
933577
952559
646938
683907
476710
415894
927642
290252
978640
569746
405693
982326
649527
419124
667820
78132
477143
922872
244698
31140
121927
28646
63221
8303
631085
381076
911547
902981
412048
73493
857156
988434
978043
793893
584290
68141
857014
561596
700084
180245
814957
881999
767232
325238
289290
412597
123809
507552
390595
287779
611073
396363
585572
266188
936721
586027
333744
327665
978075
815886
623301
309095
415492
217636
326920
885121
308866
204573
229447
855146
654997
234931
217221
932778
445964
440807
877159
534939
936534
153381
689461
126692
288349
292671
556594
560213
470252
184894
946648
75596
4253
510852
197353
433915
116234
943648
478085
278513
901721
770428
533926
256155
473200
934171
982948
619294
753305
160054
779099
666712
539717
78766
795528
716879
212325
500789
709255
644278
121658
104099
393956
768498
631979
45574
605880
746197
810006
597792
969366
503987
128259
536256
577456
774242
268926
803994
970076
459946
748149
19030
43028
513199
583031
197788
970018
240394
189480
475934
303212
392883
873887
197115
6024
794353
694701
157134
548691
416680
507843
216965
547294
115593
772321
359844
929268
902426
814481
489434
646846
810627
483980
269826
685074
555924
232624
640210
995126
29027
637078
663131
915236
456878
868846
795311
670647
447631
141518
733620
993312
231315
930824
270129
622020
951607
279002
895054
630266
377781
786644
562566
429380
783800
97050
433724
334755
18462
614689
134391
554096
1345
563909
307488
709414
758958
84925
232652
478770
376641
786367
108443
259340
568934
335199
167940
805240
319592
33135
924033
80742
540734
825296
142507
356891
456256
222790
557034
178438
90604
598717
860943
988932
242373
517492
527841
518045
24639
33828
914924
27251
219223
159872
92599
89305
631957
440510
943561
46675
735202
328861
794184
537307
470740
167121
464432
153578
707747
532322
336468
401837
486078
917469
119624
594237
116964
166443
36798
252220
101968
462101
756659
194036
938061
886836
484720
331044
458687
53536
836792
526789
105268
927286
129612
976446
702202
151327
117260
694110
424851
106857
199192
747721
342843
499277
993737
516700
774134
84194
605464
705044
644754
93423
204708
258824
587322
176814
822759
979800
324863
805518
936143
553840
136723
423792
107818
742285
986338
577883
835715
819174
386922
986352
521109
162207
10292
80928
760964
492984
925256
552714
124991
443224
131704
220379
110343
594462
192921
221864
31388
211604
979886
440187
304902
53537
575793
81509
666581
374491
839783
193372
634366
855003
179938
370360
531863
7177
456988
616438
296598
254163
720793
347476
282119
658733
952304
349080
1431
190235
744090
656423
730873
713043
980337
847460
712944
935238
41051
241322
884731
407853
768032
590456
496548
699731
464619
928706
312783
839478
525613
94798
584278
243635
196374
824527
779363
941685
520647
200227
557032
834733
619722
428348
197814
832976
864995
774959
162651
340586
381777
622382
537763
573771
996230
436828
286710
504008
910482
811662
429357
131863
265111
968185
778641
279238
846536
253101
777559
802425
573352
569557
326400
971915
265619
213131
951020
390735
590554
206670
70183
519146
731466
869262
288632
693424
581171
930463
721613
416503
893148
160499
441962
656491
745597
43093
354994
288188
645267
63805
737385
694506
167824
294928
485835
724769
79627
703718
752660
280566
796856
762797
205037
379593
803169
833652
580807
488256
271902
231131
434486
13803
330093
653015
630693
407379
976997
462430
907465
273723
489964
192484
792495
626363
736102
873077
518402
486630
612143
51871
604264
300171
53650
774608
7694
660621
603251
55626
795959
319186
905131
101332
171702
506537
952503
634555
204151
59054
533136
2138
682030
733760
66050
355330
190165
866670
284447
369829
119558
200836
622341
373895
316102
960474
263668
310837
344456
967225
362918
94690
246959
60028
480939
456245
840697
863110
576598
831021
589191
614199
800763
444312
875568
867194
37866
43375
406936
42510
133158
107
277213
988227
129120
187104
631874
295388
383304
950942
444295
493597
681502
563269
683287
733554
620905
843886
172836
135556
737847
895921
487740
934187
641878
625642
339372
292780
214656
689347
553047
371055
803
791200
293024
484029
137915
938860
490429
102443
679125
789204
785610
985655
108090
718088
239793
905785
359537
4758
847263
819250
780419
422341
939896
359812
792346
981665
693274
285079
597459
759416
195823
825090
450199
434274
679440
576818
314906
677187
973481
599012
413644
396176
959230
600303
46919
789331
170357
89129
287901
739545
466593
338881
312074
189889
2659
206807
756674
582163
928864
567414
328678
5319
258550
565884
678225
834268
839393
964466
836791
890622
287733
787866
208551
359487
937240
290247
292296
324076
937391
319670
6604
350151
910194
783959
547293
721709
609211
436458
964854
402671
504376
323129
303383
500062
534028
275356
114230
723302
301167
242223
665003
385616
729537
553967
712007
446610
384852
419003
551829
357485
187007
530673
713133
507218
608023
440269
927694
178388
653529
523224
809241
30234
792645
312961
818507
71192
384600
162840
321914
651782
468357
678367
502937
532051
889602
804364
509093
259961
187602
75791
685614
3252
713848
74588
897145
629151
907454
564052
91403
845634
372215
699003
592228
768755
731899
939179
35105
374569
684399
739439
549741
62541
70394
551630
543630
430191
456948
760128
53017
315276
278622
541903
942459
248980
186440
733162
69133
903388
28884
850020
113997
302148
32912
173256
353439
825379
236487
608182
741882
642013
539739
774088
415764
446507
323369
427863
822881
313746
453510
101434
777059
689274
906205
712323
351244
442575
311202
75337
373074
860040
830749
933993
875911
542392
407525
878662
95454
812996
280462
270993
790219
72318
265987
496907
796453
149803
268552
176905
240887
177169
215307
866684
604552
257063
295224
454076
997646
826791
258452
421896
278745
134420
300630
616896
531354
68849
732586
440525
466296
835330
521682
99488
568492
811897
807544
148709
598374
967253
674448
66048
539505
53544
764017
362184
923232
581345
418200
196119
974235
533699
513846
516280
279167
254986
589173
453185
378539
644741
475607
418749
350335
619040
190645
61303
640503
262155
999916
146715
843757
149297
554855
941580
207096
639318
435863
294051
18933
237212
239057
287588
799708
562523
147538
576322
987922
238708
316400
867489
499881
229711
16448
751541
175692
90731
961399
901077
25431
666343
931230
921253
696357
987701
926710
284752
282511
200604
88392
437070
826869
863295
609045
49132
827139
607717
803553
957958
25759
585911
770442
98174
464324
705817
150837
948729
676881
938358
901269
772824
901856
794022
642664
887862
655693
311586
213453
356170
503555
919872
726697
628599
791519
324822
333040
223913
289036
438958
355808
602310
311975
214473
760406
782002
413146
57919
597755
947905
76255
102692
356757
396069
474997
548175
457373
147363
759294
616122
207057
366901
132050
403949
442106
959944
387347
160443
903032
454280
475547
688549
755199
498790
423600
389708
314677
769538
134953
173163
431148
978008
982706
456720
913067
119060
559807
887096
836501
934220
880853
509216
920880
787605
327952
544379
38759
439948
893023
67267
810853
270782
344720
956978
128941
626012
319521
862638
412056
255937
237332
78753
371744
293261
21557
807362
909553
806985
269254
939877
147824
640717
618194
547798
59775
172294
639916
783283
906813
80283
45833
958277
525221
428466
822286
270057
564122
478439
632257
13480
113885
438230
809707
901534
90110
681244
810346
590502
871637
499997
450400
514887
355903
683396
182816
742019
818479
308956
403134
452743
588849
978576
836010
113547
871849
34128
894878
790684
521170
499076
563881
589579
51614
99450
14418
495115
513999
134818
104815
541361
352188
530689
892496
312942
466276
632052
229755
516514
8096
183947
853221
2056
625695
966976
631044
104470
581263
429888
942994
538561
602968
152819
251512
667073
497728
14670
53033
30697
266264
664801
359963
255297
920501
749990
111013
58582
107981
575850
278483
9263
678085
73365
612607
205361
66752
477570
164647
981561
963702
244020
103569
718556
408088
285215
572223
617490
431327
996147
233619
906669
746733
842159
404264
474342
940059
817423
830466
76299
933750
388003
188041
606712
11787
427716
254222
612576
286020
371625
701590
606511
848594
623452
832836
45636
338742
769894
931670
716606
625356
723799
899192
988337
103195
817287
866620
284806
859870
36816
989399
991944
446117
558950
825535
136381
174262
43395
870502
521775
861376
565379
187976
137759
152019
54556
754849
721005
964753
407756
562981
594615
15729
777109
445064
782396
214925
122804
303219
544078
339750
878925
710797
543727
360945
723424
940441
576046
759811
58610
921614
110816
655411
390263
12889
685151
252401
740968
665698
352832
643497
773894
933834
501128
261502
453103
522971
922147
456036
952291
201379
244457
178806
745864
785775
829897
341421
686179
176802
806880
989914
444514
683337
203416
453581
320354
765513
605513
195246
560989
649730
227552
289392
759234
384745
930286
734175
819383
976174
749037
810749
365229
508694
729921
451016
372104
243049
846624
140026
969211
729328
380471
412807
753505
377541
183978
543751
535038
992721
443207
224900
169167
583349
301704
243467
697887
67516
952640
823592
35455
287805
230662
105698
500617
986215
129100
701445
54588
89467
703061
161246
354595
584241
903474
619909
672718
369847
103671
315710
421603
139058
959690
414729
134843
86745
970294
431235
242419
454468
777654
225443
186102
163810
458941
838273
662953
646840
813939
629122
433812
376809
250857
747300
346749
721155
767126
937912
752044
972637
298982
161214
981560
32309
990125
687164
912611
610267
820958
288123
480474
921817
723373
331157
29642
52510
569906
229286
221180
372487
636801
143159
688949
840166
493712
854046
580420
412164
289364
892806
48710
830788
634816
806456
448494
110065
431658
898364
481227
862955
892808
908521
80799
650266
963855
940306
537516
957798
126377
451534
668219
820985
972831
416889
469730
183770
663175
783897
591099
488874
936465
99270
908457
4423
26457
900997
699920
732543
19281
479989
97175
960449
572502
150628
602661
715332
427497
256722
953026
846755
318677
461524
7044
196085
32134
731172
403614
829828
509335
847869
903515
366780
667723
610007
324681
151399
239746
40369
44620
651348
755038
528200
621623
215977
365380
227540
62502
870322
143164
881139
28720
609566
819109
223728
53253
981059
302631
871855
319560
458773
38339
136825
305705
707689
607740
498464
436897
411006
574312
321959
586208
262030
364661
372201
668601
640596
442965
350551
131566
912759
275716
638103
651747
319607
164591
972209
723300
553138
69331
102346
490344
138476
95717
303951
618892
443970
739648
725603
10762
596257
681759
234629
977572
684190
39329
761451
453652
785011
333407
399713
132611
294518
587165
12484
673655
664557
648529
392047
777066
221350
888426
371359
700880
227405
402796
170384
593011
285809
224940
333511
246270
629290
601852
73610
310072
471567
202921
933268
172917
906913
855617
575375
20935
702881
862408
633137
985631
723755
379145
331830
423767
867632
576239
603301
588102
259682
261657
442145
6947
92004
766695
315083
299163
116653
876355
512264
908705
192078
2081
421600
564816
864636
33930
433051
598203
652983
639050
840876
827422
522543
8014
487040
633774
427074
775264
256184
635815
329941
789711
682233
988209
972365
306611
967206
762061
66807
455957
163377
483943
390235
655411
590507
795674
590874
751071
523517
974650
632240
717177
369716
700588
10989
851813
567299
445518
345420
680879
321153
210459
269118
384773
827978
705861
383309
995024
307005
496954
868738
863193
57209
967067
828002
696904
949573
243109
586325
633254
562295
846072
621878
482594
734999
679004
521211
792104
962055
763832
715281
317552
650943
356644
268839
907020
50752
699234
144041
367598
956353
34717
54839
437507
355664
187545
546148
293982
92295
684754
437585
889484
558991
528069
706941
439337
834890
471498
970209
270240
683725
794102
125801
605106
858599
340142
724596
895340
801715
335291
241945
282045
417958
323681
948144
580286
783543
944511
104527
811746
886429
789359
946825
815246
940858
745744
510235
658065
636513
15400
340095
816587
461261
115003
224947
377402
155589
873310
602878
878386
909887
691564
175353
923629
861791
140360
646146
873439
604907
675539
521756
884361
106918
363665
547218
605811
735621
345687
557831
171443
562776
452351
130705
226561
31048
898173
502205
425676
772581
934633
162090
705877
233942
583567
863001
745448
126146
676011
329617
897867
228371
645894
986794
274404
105176
161260
9258
313681
444340
912553
508994
229188
21823
879590
323499
221249
308022
856802
258247
500232
886900
66997
38306
125532
219994
702974
189792
253388
431562
311076
899710
866952
390771
799142
852140
538994
806937
813691
566336
919648
952985
696570
141516
504617
150573
131202
5494
993757
506760
32486
27186
980668
81861
169580
498213
84750
782043
114648
583913
551218
457071
257012
654891
144445
185804
777126
16405
530029
629439
37099
973893
28412
3030
15579
259428
659599
188229
573465
923991
164506
170735
233779
830008
2803
773525
355425
829132
309649
520780
342175
611968
193845
643010
748042
447875
52816
297929
623433
899835
847417
752757
350817
718735
84454
635370
857333
420966
56808
255455
652994
416073
553357
958777
518294
547440
189588
860750
608236
881624
727259
839054
784506
38691
896814
856240
918248
491449
869865
66756
204015
544514
556059
300539
314081
809337
716473
778940
265032
823469
404825
202934
296109
717331
382567
105750
741727
682239
41813
216839
909834
592252
102028
474092
602712
494276
558878
396477
366445
992583
930535
529795
479515
849681
102163
765630
693039
507267
567828
209224
143437
227702
137254
392597
174570
547794
160725
501880
91851
717992
222579
814398
937490
508228
275781
906572
402233
671123
950100
143801
292887
387585
266521
56677
458397
43653
24009
432853
562348
422229
616155
815665
377030
645140
25342
234265
163383
739568
907845
107798
552302
163337
584362
687206
656573
13845
68077
666090
469189
659453
955823
96608
531912
680497
448676
130984
956502
636443
502845
135114
897723
802518
744383
148958
35176
855782
842009
158220
893503
329529
831457
67182
634323
364235
821971
667700
51178
26133
784031
821287
407140
287620
555853
412463
54528
361363
92596
960
94297
337083
165933
627746
396044
581341
173796
781778
699278
315044
704172
347725
187207
564250
279916
721196
877609
240779
377924
144748
941372
144484
592812
390468
950968
954100
931885
988570
735993
891961
785813
947741
111769
866440
927399
117134
956203
292917
772563
565584
637159
488007
401917
700509
206653
139203
448667
505893
332465
889955
333639
536145
419976
429988
6352
738539
394145
985968
212895
310352
901836
670277
523807
547723
861635
935484
378616
288856
316930
232633
91164
499952
899270
987273
947946
785836
647004
284500
611200
71603
193135
966821
785757
344159
318123
912169
517530
190327
451192
444258
594997
514233
444503
273095
309637
541622
209042
982031
11253
371777
666348
314315
17149
305100
864855
196122
685612
292428
645240
910533
314244
197440
351148
455238
163152
735861
704031
440333
497514
901471
174752
538014
307367
507988
171064
225576
227284
169242
99766
505369
273319
649491
729529
330066
659953
706337
702791
108653
351851
521233
225973
530727
355514
490608
708577
283424
91146
151312
684496
640952
456362
149405
992375
893985
961386
226971
800020
438360
951167
232411
763106
145255
219349
921762
712121
941695
214086
155530
701282
382431
55528
314682
604441
70302
381668
422804
805050
268679
954377
733812
656832
573521
372469
122616
387648
7664
808312
441328
576873
68979
105302
377834
955225
518783
129015
527618
89935
321498
874744
599108
410464
636781
305927
565317
686281
101675
363959
47704
950972
20818
945470
747739
839966
1794
207460
273731
330090
26852
869305
955235
27738
723425
320671
46722
901079
905458
750074
52633
216767
383881
1417
618445
876987
410907
552046
686845
116993
160242
687313
529063
808416
509662
222027
517159
714631
55592
482586
729956
620656
600688
732131
568636
40204
679878
499475
770634
404498
644507
208097
902885
2080
777076
26925
971864
429371
591654
619794
739869
85927
118273
835808
188370
848145
634308
620231
390446
280725
118110
667842
620993
274941
121922
663690
142852
431673
919678
176303
64051
947059
675983
460141
915151
933721
95191
353176
620495
688181
311793
643037
839009
598569
621570
167660
108839
42210
738837
848947
438571
364367
579432
282186
258590
341913
6854
414742
491786
466131
463755
675936
401216
338087
566332
634571
762144
489886
61634
231503
853321
290266
972998
692715
476882
426346
501922
931980
670830
531152
111731
315132
240807
211417
691510
937202
275966
332804
689289
666961
128590
117565
586374
436493
387100
905374
442580
851067
497061
724162
417587
686244
243372
7525
638641
545414
935632
249709
922446
392329
279043
26505
786231
188248
220497
722477
34893
319007
509508
505856
214085
184405
965761
863903
744317
512492
472002
768140
982510
211418
387948
482953
727616
705539
875116
6366
866008
763848
198651
654684
835289
296415
220420
963955
789639
650247
740253
818887
488244
389755
665995
532736
669233
908394
697936
165247
981812
290265
658748
563503
480960
633596
741167
649302
847763
466765
406523
636365
293622
965585
388160
711
803626
412272
573870
224215
894984
95623
872627
985006
243619
560479
302360
776816
900233
363590
49450
766175
395832
623410
963626
46496
594339
10161
10672
236211
985483
363933
777406
255510
12362
293427
15825
395575
836039
507164
482548
397494
920946
61073
718622
305261
154009
558414
603373
874510
48803
366036
961240
892321
616326
940717
390614
966763
779756
3706
492551
918596
625123
434071
275188
9859
308972
911036
523500
889303
637641
194572
621276
934082
37564
708173
47425
20647
905522
632882
571660
634955
758101
700457
456131
808619
861677
942850
188855
996735
26548
51062
985154
124790
942221
101835
961791
465903
710661
655483
429807
163707
669263
811805
47134
593134
820256
736697
274983
328759
353541
618817
280621
361966
536837
838322
959114
409331
536180
789186
712209
350756
897250
306236
151431
413038
652653
682014
564076
100660
214795
60529
715843
502876
474824
811655
72399
918408
204868
79226
365003
483080
761937
627268
115501
240192
232487
407485
33181
996582
818811
109504
337372
44586
578008
236864
727767
79767
900893
863299
641823
392192
653728
409073
259609
78176
681997
250036
111922
357178
746499
891402
881483
897856
44058
739303
910680
502968
862756
811340
983480
321099
811301
52350
6085
928866
638615
697934
12318
764023
307159
368363
253179
849667
273971
671741
860243
348200
898029
963074
948333
653065
559567
465120
726078
647203
881200
930921
870635
470166
171814
666037
977312
2410
941809
900696
384047
69069
161127
338339
680929
961947
142878
38292
531236
270625
385677
665153
926816
783174
635717
214501
592452
208231
309798
686229
125957
714679
663100
956420
819304
71756
917453
114196
311727
10404
103647
409103
330032
293934
552560
229622
365446
108625
881044
61754
653447
467468
327709
149577
535742
343244
259511
327572
522864
126998
840552
358846
678556
725431
785607
496210
779899
508636
676131
256667
226880
501575
532128
557475
109002
743446
966845
605824
248801
987652
330363
147794
164727
340281
448803
780579
741586
220991
850700
101923
251697
964157
952723
301749
486674
992016
105845
397028
538150
835108
216620
870688
178371
723285
986644
565269
847605
841921
39231
645814
726626
303028
519012
919246
37315
736283
246097
830323
766216
646718
862563
797584
604217
72797
234010
908857
641039
662097
438045
158299
711402
285547
482098
543956
461552
225534
453946
429199
725066
709092
155032
187354
803409
251129
416256
335747
308068
138909
16915
816614
190205
164748
993232
406749
25020
856860
324819
547855
739555
802370
91075
909509
459108
276675
892506
389305
373760
313850
985870
40657
84748
503029
975878
187965
299398
92972
762566
386797
787942
207920
39888
442088
76651
963648
16676
361033
872940
819521
583790
458973
926058
80254
349861
744050
579388
897817
740168
738129
441901
625294
636493
238147
821379
827192
779140
558686
753587
917450
226279
776038
682393
254662
984231
69862
432337
671833
275646
75505
36199
496260
471797
468422
495821
328472
17357
907043
351766
105522
588736
566445
493673
744376
820238
866953
73846
159172
106305
417278
725133
500753
115252
445850
409024
659560
144019
989459
99677
885835
739204
852185
885875
454381
839601
490234
128823
895336
589678
737349
455622
707790
82463
852224
947262
61043
418035
80764
903892
722311
908527
802677
651565
423225
871801
379953
456918
107875
784941
325158
602918
653076
866161
819346
742319
986231
452430
54771
445216
352279
769017
339499
89626
264978
47986
526163
870514
395377
46524
554063
813527
899393
846964
734483
627445
336628
63541
624184
624882
554052
318020
117330
355830
286071
83956
577851
479066
29729
742161
14912
382703
214140
932171
378784
364873
950759
660520
18779
879620
827375
916834
110449
79404
493214
395005
711062
908824
346348
685628
493147
62663
263705
359992
246972
590699
660257
830714
3433
693157
297444
214740
376375
428094
243695
665892
216870
337610
194171
755359
368269
59427
844280
62025
500412
773057
951780
432691
989130
90509
119841
67456
95181
173328
611058
709240
716687
79989
857377
856586
779009
564115
965225
795443
157031
770037
656760
309599
117233
384277
950068
477326
506790
722076
528218
741595
933873
936375
254163
158739
925189
128044
612446
420283
637391
315746
464145
857312
797456
553702
468062
161326
320743
933552
368237
562843
208848
377881
396250
234335
458080
770475
806327
399527
892196
456702
245143
272228
167684
943844
423812
907368
97572
390644
506712
426114
204256
776544
170938
597467
823451
472516
575447
198039
465301
82820
517632
934994
886587
872572
457840
823923
519211
749026
112579
937778
701940
440012
470646
527031
646865
366649
639597
169206
434342
227392
336980
241961
911413
738733
825276
210311
760730
709978
718002
232077
882112
845317
64013
662549
313353
131892
277764
422377
502923
408820
395784
134616
805612
782394
467091
288056
42751
169631
990798
383428
54720
409653
234622
235472
618769
349476
280510
632691
643904
730761
180567
452426
108932
373019
955684
525154
74772
825075
345178
873872
929853
355069
218163
925492
861720
550812
731835
447901
869381
906634
880381
613316
734772
536692
824429
305602
469510
228029
5081
54332
555743
56077
287988
665977
223031
977199
834477
821230
936655
77028
706643
895819
260126
750412
14759
68665
277185
903690
995768
891910
165806
613037
153473
581610
900087
33926
313181
638039
586210
873827
855355
255690
431645
607061
275437
297677
63856
587848
304041
682697
491552
885105
442973
172509
761183
498601
992560
338615
299462
647387
908620
748801
807677
312742
155865
417012
332750
810770
429587
335716
60713
351309
315615
686450
162295
23384
532428
471992
655122
822394
92727
910548
999588
60488
919100
574312
106591
170420
789554
889263
216630
459568
830285
772725
468246
568314
63185
451475
528775
971866
209262
4008
761900
155247
454447
918905
367226
707755
152108
819134
923059
883206
806836
27344
375763
62696
158398
330560
37266
325752
544341
836032
474014
606792
624718
600359
787448
743250
145406
323026
271840
62444
780982
433732
493485
102727
394965
253327
114726
54156
900726
556458
481087
178860
654373
473593
776912
82209
109599
31460
188051
164313
588721
933443
252800
678322
127591
378218
324272
786740
702848
676812
720997
319673
672510
869887
206870
284115
204247
548301
456982
174590
441436
431322
905193
31462
652746
433797
459000
78361
402024
999697
448159
498238
785275
416569
113699
982401
493192
148602
264363
178045
565200
253983
409856
218511
377396
40771
925838
169834
104559
581953
923728
941956
760574
443027
377617
410056
240548
701589
394264
620099
856206
797203
938520
666802
203155
332446
733100
213943
963761
865503
11386
212426
178483
112697
244477
339100
219411
779146
582192
64170
618260
897186
49232
342791
956999
655761
232497
490746
400474
4029
420865
485868
895712
28726
313030
199241
167399
512366
413814
753148
876787
443852
386210
939486
131626
398681
86491
350447
509907
555902
47676
490586
175864
761745
730875
636326
596284
133553
764401
332810
266051
957220
306581
965746
170893
186559
744260
14954
218818
874635
983831
676947
851194
792278
168415
874147
13069
446616
689189
654755
831374
839445
716617
181014
949120
25366
55404
808415
564809
960401
498749
1157
82961
493221
507438
943811
917644
204637
338934
662841
651357
100180
978720
468809
48119
247437
814918
857466
308512
60070
490918
644040
414989
417402
117438
828297
953184
680641
563169
618323
790009
675825
912165
942024
834965
51606
102441
39314
537371
746880
199745
563564
838042
275407
717065
288953
947272
475633
111596
846969
411310
459697
47245
161134
250249
624608
279392
300867
838479
598818
749552
890474
387135
672135
701797
933430
704572
273883
30219
93720
690776
906038
199144
591004
994878
724662
899295
103529
513434
382650
703756
749805
948853
980969
985816
648673
720203
643883
963131
576595
371553
209289
352946
728866
981135
272102
697836
540639
861379
747699
392248
951361
292796
451975
314435
108685
105222
828059
571992
461940
343977
927410
858998
313602
599712
77720
455111
606454
628834
874380
611174
127700
375989
280118
154912
113030
880123
234229
358982
379415
86802
174557
174031
113757
515156
349565
861802
561565
624700
975515
375569
83258
874151
244843
381302
304137
602635
964143
153499
487878
998961
237353
97139
850168
548651
379526
291301
77282
511323
751145
965487
819968
88926
466669
735223
373632
841278
39980
766694
791456
31702
631936
741414
654328
72812
350871
482292
515990
368626
699801
208484
963997
727172
247987
642396
670948
633406
721668
864275
559184
635414
355576
134608
43722
386648
217880
507874
840065
348693
709132
439181
512344
901521
46716
637024
662485
760807
810732
908627
468811
718368
171698
693228
50415
51799
652527
258281
25403
145869
844769
871240
224765
36964
593008
805463
214919
274579
186031
69531
883044
665335
194020
103371
716329
846021
20728
296932
647788
579877
381410
946901
990197
620873
479117
895163
77926
581268
865462
2933
836426
732113
251511
457022
351186
429389
611572
860070
187047
578973
802219
548968
457379
441794
84956
26947
895202
579495
963503
278431
120721
17083
893208
549373
620083
461746
965681
575418
236437
701586
442283
631509
919785
470042
634051
660824
76289
117967
718686
338000
437602
180359
212947
516088
380061
237912
961863
935544
573023
463081
109957
179787
65620
13819
218478
337800
405843
380577
681332
563783
964981
366346
692440
746067
59070
912755
190047
864270
719557
615272
236647
289988
395215
579589
80390
68058
646780
179318
158622
676384
902604
737088
966987
186309
941425
96519
532411
674729
915678
844769
320855
800460
629370
735035
954305
684875
611207
158965
694271
759984
126480
353727
156306
533325
326146
217376
736771
772277
957432
683519
715529
386340
661281
983865
549338
58606
172407
439894
96940
170144
319739
150689
148988
674289
613839
8861
363111
319713
576956
66978
201914
146761
303856
168273
909378
675741
912920
785344
963303
9039
873946
580950
403839
218082
154715
944578
734777
146196
972272
840978
323667
538491
180947
893066
266926
663028
355853
971431
32666
968777
833374
843081
90086
129583
856318
348356
258967
6552
472876
742969
24689
178260
237797
622518
361346
298745
185481
363216
752087
720069
488325
339270
786960
182328
40114
277999
409661
645624
913270
149887
456093
488740
284597
429861
893846
568180
200842
671397
253414
877022
590338
281817
74133
657521
552711
36309
653226
911664
774472
934573
849011
933853
987160
163328
972299
661830
632671
904351
285395
175877
777029
135933
571377
811822
837335
982223
814072
949708
850899
868874
324425
786142
426660
376618
985876
887142
666281
78677
506161
353330
356573
256064
684676
634540
69896
19864
206846
359994
563881
774561
230537
337123
469001
383984
716163
944371
295005
552096
976550
760250
42063
92821
267642
113281
626137
17780
975563
133212
784726
82648
210708
117995
168930
271258
101812
547776
445689
811516
419969
274975
844596
90781
119617
460489
896107
816146
66347
959037
58185
968784
495427
169352
926123
181552
126358
988235
538974
933319
113421
647112
688328
383320
890194
132164
269568
275794
585801
557980
115970
92185
229441
90562
528333
953243
216353
545801
484972
155248
666879
960326
794871
215718
278361
170660
818804
57946
111676
495767
760275
485912
911606
666618
241183
732654
775884
456402
519511
909758
967182
120947
405216
929284
704774
654215
803899
328021
852248
683717
72015
63995
127008
160393
887231
132573
668806
332199
508099
284435
345556
321859
67385
903284
581812
8144
115977
362751
152588
144475
439811
275498
944691
632308
550663
469221
89029
311303
886806
771410
828821
735138
976766
416191
988680
128598
495996
800543
617791
657791
390023
641458
971823
759314
193710
372840
340746
997152
397905
607963
845496
194111
22628
120201
335652
194690
318517
490371
872418
760074
805653
536472
851222
649067
242907
56105
223979
644832
442630
300516
100506
508687
327166
186426
463347
527220
90229
205626
730470
72618
690437
114917
353272
571048
370168
670506
910011
773412
848272
825882
292923
887335
951882
799018
821430
792139
569378
16754
983698
948955
546161
888722
637092
729710
639599
787962
869914
494498
903508
570586
830351
609678
933714
772559
871178
84989
496629
805188
263257
567626
976856
433459
307405
969846
531778
454560
590066
467663
837162
554219
38436
945465
538613
905937
356234
337880
694932
80277
838712
589344
589964
674517
25406
614891
580742
258562
409168
525175
752825
481388
135965
751851
910143
75485
829046
615375
31342
329789
232028
263779
502136
217360
358991
937330
233672
938905
658525
757250
380242
758492
432520
369560
780219
893383
167243
853264
596603
6739
571930
21053
30596
559097
48387
494390
437365
204162
773943
985084
714985
592534
552816
147888
97827
767131
868002
727002
509304
52152
47765
328941
883598
758844
831639
360421
314897
897616
557670
811732
991256
169435
493658
570975
917371
312737
379268
521643
529262
547471
727036
289967
860366
83904
324908
477773
416256
804699
804724
6411
843242
168040
288291
853478
314441
582939
517666
487509
264079
283654
746758
868319
450904
758023
992647
363390
612734
722626
904135
355987
96328
688383
783326
536584
494316
724100
309246
132270
877398
409795
844144
280846
911789
720647
332098
366251
953797
465370
366272
102305
777035
596735
5920
646363
489381
57786
131614
951825
440444
631497
627263
772384
595160
173142
374528
859794
961538
678850
512815
810267
738769
854125
364939
738120
51230
934743
569023
183228
38062
52950
751204
460388
603119
541572
306856
566283
424993
727071
998951
729779
990612
495332
861818
935531
701151
785288
159451
758659
341866
455154
722228
530230
505332
628998
15352
695623
619841
976668
423786
453821
637968
71598
490710
447494
515550
508116
386543
251241
609105
944085
382196
545067
864289
393809
381224
567023
359443
886828
270499
53974
971157
531207
958795
858780
358136
676530
890750
648565
809293
301274
799917
466572
38391
565552
398022
236859
611287
406237
297425
839740
885919
532061
391418
884627
160853
732031
425030
895931
964320
648141
876015
2906
768191
928212
70391
798687
838819
754824
884240
288195
768912
868482
648973
967491
628282
624200
5625
173702
28366
422038
669147
177422
103642
789865
589548
908447
488239
323727
44486
78765
465005
985428
951689
262569
263173
976118
304783
990681
668112
405616
4534
617256
735190
306507
771259
312627
795279
909522
293154
638073
113036
67899
454261
594074
764101
200888
358251
469165
210179
675311
550187
377751
165079
435945
203052
414769
38703
918403
508136
204497
392209
108355
857385
648159
646703
798987
787434
8111
87258
666206
784499
936184
821578
5990
911629
765918
902463
407803
953146
448076
829313
494742
313183
218434
701596
691157
764386
643182
546471
815559
534661
193625
90407
113443
793874
899202
519854
955177
711169
107995
880803
538355
990136
710110
314862
968757
243377
850021
491385
21939
939167
269442
832045
159774
681160
395952
651129
694095
716011
30646
584736
326415
651801
450103
956152
510961
897627
863909
449191
470424
261418
231016
979481
760123
694775
173945
636969
687490
902135
973795
50481
626280
312063
394978
410499
431857
208228
953521
103641
266154
120894
681013
776278
537096
72249
11305
580602
347405
122480
320110
163286
509169
849657
952501
262567
531116
819823
119436
182676
281911
751838
835740
32074
819007
641179
855242
242149
407631
948246
67289
792759
192345
735267
29838
556932
187220
15188
257542
440244
930683
549492
470096
890879
794644
882809
964828
291717
532662
340122
420610
199987
808398
352636
555171
254238
929291
836193
294288
87212
847788
588659
84613
168568
973382
794113
548410
457983
226116
331148
910502
868624
795803
386613
801197
829831
794470
245972
381304
657629
116345
717737
989447
184980
958320
906697
123814
960349
710335
668704
464805
546813
199768
376915
324610
571585
82801
640422
845103
311952
898316
42746
684782
984498
120904
587266
570794
29712
185697
902235
741180
50283
701814
465080
96910
537396
983738
531356
525343
23177
42440
401217
192043
412080
924085
896247
103490
275813
101312
314410
590781
413854
46945
610755
731927
53748
645063
403889
125571
493711
39999
658852
587335
935980
530842
433749
320227
157218
215408
580251
293889
792025
666034
754149
760187
289234
827143
474871
63705
610800
238597
325140
992246
529252
24401
701422
320689
7943
382445
798046
615985
552386
396421
791824
908942
902508
911514
386236
644042
966600
947676
637381
256057
215031
30018
787133
440247
832122
351732
547325
439926
740557
29518
737086
420244
102068
306686
950234
253766
42113
907382
60579
479183
73797
71067
994085
961402
220909
919651
650138
687784
575721
438532
850848
635987
99837
30763
744578
367915
939516
558663
75135
837790
494252
757249
769248
260040
440103
674145
984617
706259
138453
162333
99943
704006
175341
441141
25386
126001
563302
315310
695111
75888
516320
506461
950233
843925
473830
673569
889449
633094
417145
452427
568119
701177
374479
752647
483841
102121
491663
90383
59056
944625
454781
573995
19231
657644
568361
104976
461487
104039
619455
165743
146912
125968
240757
946319
904603
985816
546240
218691
870864
271565
476744
304549
942447
940319
549686
939604
807676
547874
37858
417884
383267
429599
661341
158191
84195
189691
666307
114275
127216
432558
531281
47385
483677
643167
338021
310300
959905
351262
887518
908232
566734
20451
459623
969453
22676
135746
695541
218321
264250
781852
129195
838537
194532
272949
776336
43622
983360
157002
890419
675153
280838
961104
627062
536249
182695
800622
174444
890493
847224
803215
503930
749282
394328
698907
596097
977218
515205
578984
270036
908190
605567
737610
844601
219894
104111
563982
26454
320666
927260
311765
858609
59234
933228
889131
181755
217829
533791
597322
854860
208543
586535
490706
321169
511216
805994
963229
582667
141305
142643
311622
661866
134563
362755
659201
963683
691883
787784
393847
202851
570983
324248
249762
323782
530246
330337
221661
608407
29890
240711
508221
914312
49812
902898
74182
163467
229575
6119
870542
754980
752290
186238
181809
652416
395001
371568
819815
963549
410503
726568
589407
971909
524605
575875
636436
489535
495942
958959
560649
505100
659426
263380
376044
680885
671427
555870
151318
638512
479021
115752
409998
596316
17364
432786
7910
384450
137973
673859
756025
3857
680053
232234
916651
371394
257498
416057
789253
689558
536206
974157
334960
719351
791290
975234
501280
397462
245384
150159
800845
271974
218580
309081
867504
54259
107906
840243
693551
823406
499172
187895
456568
710433
562688
115617
853176
560866
678965
745566
241260
513410
768305
865535
607770
432376
25573
528285
849264
200541
961081
811036
540447
858997
363846
9699
485446
988967
613918
201738
497247
578771
221918
291961
890207
662097
696351
181097
724001
18890
866967
315507
140747
811038
368308
898725
301350
89382
500878
598463
138553
837572
754265
888789
919830
55898
682989
609109
985260
413129
822027
20695
517311
840399
78552
290174
698443
729665
166278
332201
226307
300562
16192
487454
308567
328810
781029
289318
434596
894231
244756
205789
507944
482127
48536
514966
702416
903634
746942
926720
76854
80440
929442
260586
152536
840449
214906
566633
155481
3393
840120
483674
706610
351627
351656
603960
82601
554660
586768
869442
890126
982091
228548
272917
527363
598461
835997
216428
329801
390292
659057
671455
105802
202347
494497
984777
922281
180213
435423
600219
757097
426400
665683
629368
975548
470814
19113
660815
313648
436220
400147
151770
10230
661442
160886
338490
688572
174233
788273
279553
80206
645145
68663
431513
368633
843163
246611
122472
854999
9367
101187
217782
29252
717146
422675
107298
353123
261964
345263
662290
812207
15604
53369
788133
848288
771260
290515
88462
373226
626838
722255
750657
738416
301215
917923
566499
6518
539061
170009
952392
959893
454150
493356
64286
813770
491641
831264
677681
198414
73057
441218
648248
257879
502384
176372
953169
461252
241696
937416
323382
957425
158009
211684
953084
33490
858424
651429
948540
823157
150267
819436
591702
629273
278085
110847
3592
331700
866191
132429
618548
289948
80184
533817
780647
157436
612717
609173
978154
712681
474836
795674
98421
461927
974112
521875
92227
556739
721106
799180
368725
243391
507682
644564
554334
901277
49373
114247
434002
890050
861056
345801
378834
930083
124517
856363
912289
167287
716777
67106
950750
954666
511887
634358
871379
802479
159913
880493
556353
440635
677072
923436
222614
318617
904437
113045
599577
871805
553139
260616
789333
887238
778908
487591
962278
382692
98989
981789
205872
242947
737984
842810
927770
667741
691118
14012
192496
312620
341339
671771
114512
800474
624917
309991
648552
116522
39238
369719
885075
761659
482121
691767
493336
934639
316972
522679
221736
459552
507542
539120
106025
557892
945900
455642
202804
831773
749251
141693
73060
355519
212074
289930
73965
132425
639090
818553
880307
218138
801459
994948
168809
785340
521810
18079
140611
174200
885186
561854
963841
60225
999034
556032
517389
405005
436438
596065
33028
634571
74861
281721
27090
489025
850499
424738
932357
120937
814321
278392
77162
52189
240834
776382
613521
450322
987901
391623
424212
290417
69146
407576
153725
726616
714209
931364
358588
354136
591468
765466
616709
468750
774485
357212
46148
106819
275432
492848
278846
787863
759635
117764
233810
79781
437132
227669
916954
292163
478759
882539
100856
442883
522397
721148
572961
528394
639501
889320
936023
813019
229343
694670
588823
813672
536460
646450
784631
623369
